X Density
0.005 2.999997101
0.015 2.999994906
0.025 2.999991446
0.035 2.999985915
0.045 2.999977188
0.055 2.999963604
0.065 2.999942729
0.075 2.999911043
0.085 2.999863508
0.095 2.999793008
0.105 2.999689606
0.115 2.999539587
0.125 2.999324253
0.135 2.999018401
0.145 2.998588479
0.155 2.997990347
0.165 2.997166647
0.175 2.996043762
0.185 2.994528391
0.195 2.9925038
0.205 2.989825837
0.215 2.986318885
0.225 2.981771938
0.235 2.975935089
0.245 2.968516744
0.255 2.959181944
0.265 2.947552199
0.275 2.933207254
0.285 2.915689188
0.295 2.894509184
0.305 2.86915722
0.315 2.839114776
0.325 2.803870497
0.335 2.762938503
0.345 2.715878855
0.355 2.662319396
0.365 2.601978016
0.375 2.53468418
0.385 2.460398458
0.395 2.379228743
0.405 2.291441917
0.415 2.197469871
0.425 2.097909052
0.435 1.993513053
0.445 1.885178169
0.455 1.773922297
0.465 1.660858009
0.475 1.547161013
0.485 1.434035581
0.495 1.322678721
0.505 1.214244995
0.515 1.109813805
0.525 1.010360834
0.535 0.9167349944
0.545 0.8296418371
0.555 0.7496339434
0.565 0.6771083074
0.575 0.6123102791
0.585 0.5553432267
0.595 0.5061827635
0.605 0.4646941818
0.615 0.4306516497
0.625 0.4037577595
0.635 0.3836621608
0.645 0.3699782338
0.655 0.362297051
0.665 0.3601981934
0.675 0.3632573091
0.685 0.3710505998
0.695 0.3831566692
0.705 0.3991563498
0.715 0.418631236
0.725 0.441161683
0.735 0.4663249874
0.745 0.4936943642
0.755 0.522839178
0.765 0.5533267023
0.775 0.584725481
0.785 0.6166101759
0.795 0.6485676127
0.805 0.6802036052
0.815 0.7111500529
0.825 0.7410717657
0.835 0.769672489
0.845 0.7966996561
0.855 0.8219474916
0.865 0.8452582003
0.875 0.8665210956
0.885 0.885669611
0.895 0.9026761708
0.905 0.9175448114
0.915 0.9303011053
0.925 0.9409782338
0.935 0.9495959449
0.945 0.9561275931
0.955 0.9604309958
0.965 0.9621630971
0.975 0.9603229602
0.985 0.953777806
0.995 0.9341062317
1.005 -1.065893768
